173.67
150.3
74.68
-32.63
-154.87
-234.62
-251.43
-211.59
-154.88
-117.42
-122.68
-171.92
-223.75
-241.49
-211.1
-116.09
6.29
121.73
193.43
197.25
122.37
-15.71
-181.84
-328.35
-419.28
-419.21
-325.16
-176.03
-35.3
35.23
13.92
-90.71
-209.28
-283.84
-267.98
-169.83
-23.07
106.8
162.33
124.5
13.58
-126.27
-225.21
-264.11
-245.57
-201.42
-176.97
-202.47
-265.18
-340.04
-372.4
-323.63
-202.12
-16.8
176.02
325.61
393.88
360.94
234.8
40.89
-175.89
-360.25
-495.98
-558.15
-558.1
-489.32
-362.41
-198.73
-27.61
127.88
228.82
268.32
231.05
125.19
-28.28
-194.52
-336.93
-416.54
-405.16
-304.45
-155.5
-18.9
49.31
38.67
-19.54
-84.3
-120.3
-112.82
-82.92
-79.41
-118.89
-191.54
-279.1
-352.12
-374.59
-331.02
-217.89
-66.64
85.32
198.5
240.72
215.55
130.1
-10.27
-183.9
-354.83
-485.48
-538.28
-494.17
-348.82
-141.42
63.67
202.3
242.77
179.69
54.07
-87.4
-201.07
-264.51
-270.58
-235.46
-196.69
-171.56
-159.91
-163.13
-175.71
-186.47
-163.37
-113.25
-29.35
48.47
105.85
127.76
117.32
64.88
-23.43
-142.38
-279.33
-395.18
-467.78
-471.84
-402.47
-278.99
-132.6
-14.67
46.98
36.09
-42.24
-163.31
-280.75
-358.79
-359.96
-271.85
-132.58
8.55
85.3
70.74
-29.07
-176.12
-310.16
-377.13
-333.54
-197.12
6.23
199.39
303.7
261.06
97.17
-152.15
-388.91
-547.48
-563.39
-432.88
-197.65
51.59
238.34
293.99
187.7
-42.53
-310.02
-514.02
-574.29
-484.64
-281.1
-41.13
154.53
244.56
170.34
-32.46
-290.75
-496.77
-577.65
-500.6
-294.87
-37.22
168.1
246.97
153.32
-61.04
-313.31
-502.64
-556.64
-454.47
-213.25
74.34
314.37
415.22
346.54
132.14
-147.74
-413.46
-578.58
-605.35
-504.73
-321.94
-112.54
46.55
123.88
104.83
13.05
-131.59
-267.88
-366.71
-412.15
-390.29
-309.89
-195.97
-72.9
12.82
43.63
18.95
-33.91
-96.21
-158.49
-224.94
-278.53
-311.13
-308.56
-251.87
-145.77
-20.61
109.76
187.05
207.77
158.19
60.77
-63.76
-196.82
-303.88
-361.6
-330.91
-234.23
-107.29
18.01
100.69
115.15
70.3
-5.39
-101.61
-194.78
-256.12
-270.69
-241.16
-179.65
-108.41
-58.57
-38.52
-51.05
-95.4
-167.46
-243.73
-294.18
-301.02
-266.93
-190.52
-95.82
-23.48
5.87
-25.21
-92.6
-175.43
-239.25
-279.73
-301.48
-305.9
-294.52
-248.6
-156.13
-19.86
128.13
243.04
279.01
207.68
39.82
-193.14
-414.84
-569.82
-605.71
-526.28
-360.18
-164.29
29.2
163.47
212.79
183.59
94.29
-19.52
-133.69
-223.02
-272.35
-285.34
-283.18
-273.18
-270.45
-268.83
-254.24
-210.01
-122.56
5.58
148.5
268.33
303.26
217.64
9.98
-282.01
-563.82
-748.56
-773.02
-617.12
-332.66
11.93
339.25
556.27
631.48
518.07
248.61
-109.5
-437.97
-656.92
-728.56
-654.73
-453.75
-186.84
64.68
221.25
255.93
183.12
46.96
-94.42
-186.59
-227.32
-237.78
-257.02
-296.34
-365.48
-432.99
-453
-381.55
-208.53
36.84
300
501.35
573.72
474.68
227.55
-111
-436.34
-660.3
-715.09
-598.41
-362.15
-101.82
83.18
148.54
95.55
-32.52
-140.59
-174.08
-120.8
-11.37
83.72
105.57
11.19
-167.12
-380.73
-537.71
-574.93
-464.87
-219.05
84.72
345.84
489.46
469.99
302.43
33.44
-238.96
-439.02
-513.1
-462.28
-327.78
-191.43
-115.79
-131.06
-202.34
-278.95
-299.73
-235.63
-98.96
79.96
244.76
329.54
288.96
118.07
-155.59
-477.48
-761.04
-933.37
-942.32
-778.03
-469.57
-74.95
311.96
596.7
724.44
667.88
463.07
162.17
-166.19
-454.65
-665.6
-786.49
-816.43
-759.4
-622.46
-424.21
-173.87
103.92
372.17
590.83
703.94
676.04
475.81
124.32
-305.98
-738.12
-1070.36
-1240.78
-1183.77
-911.67
-461.82
61.19
552.85
897.84
1016.42
871.16
521.11
47.1
-424.48
-788.77
-971.86
-956.93
-770.34
-475.82
-163.26
96.09
257.79
326.88
358.19
375.6
386.36
354.2
261.37
71.8
-191.63
-499.18
-778.66
-962.18
-995.35
-848.56
-531.46
-109.81
321.83
648.69
798.95
736.43
493.47
149.63
-204.84
-493.21
-676.48
-754.05
-753.32
-706
-611.01
-474.08
-280.5
-31.66
241.81
493.02
661.68
697.82
567.82
278.56
-118.48
-524.28
-836.95
-992.44
-943.68
-717.27
-363.95
30.39
373.45
573.3
594.27
442.84
175.3
-128.47
-381.37
-539.1
-582.87
-528.3
-417.51
-282.43
-158.44
-54.14
18.71
61.56
76.95
71.35
41.19
-14.06
-99.91
-195.71
-286.18
-351.05
-386.59
-383.89
-360.53
-303.85
-205.62
-56.25
141.47
331.58
457.35
438.44
252.48
-66.59
-434.59
-729.92
-857.11
-771.23
-505.58
-147.24
184.54
408.46
475.56
386.48
192.82
-41.84
-241.46
-391.53
-482.7
-521.67
-517.18
-472.81
-397.37
-288.38
-139.57
36.02
211.48
333.44
359.81
267.33
52.96
-229.04
-505.77
-698.49
-740.67
-616.02
-348.72
-21.66
260.03
404.79
379.94