1554
1500
1559
1497
1557
1510
1557
1486
1575
1497
1519
1570
1444
1628
1414
1652
1410
1636
1427
1634
1417
1638
1416
1639
1412
1662
1387
1676
1360
1715
1334
1726
1359
1651
1452
1550
1550
1472
1614
1421
1637
1435
1577
1529
1504
1558
1529
1491
1583
1462
1592
1471
1571
1500
1552
1507
1548
1508
1515
1558
1497
1569
1499
1546
1510
1533
1533
1509
1568
1468
1597
1467
1584
1482
1570
1494
1552
1514
1545
1491
1578
1443
1630
1421
1641
1417
1634
1412
1646
1420
1639
1435
1591
1488
1551
1519
1553
1497
1576
1468
1579
1481
1551
1528
1496
1589
1452
1619
1443
1603
1464
1576
1525
1532
1518
1574
1427
1651
1375
1665
1413
1611
1466
1582
1495
1557
1522
1528
1522
1524
1526
1524
1524
1545
1500
1565
1474
1585
1471
1595
1455
1628
1399
1682
1377
1688
1353
1700
1344
1705
1352
1713
1335
1750
1292
1790
1213
1885
1137
1937
1122
1916
1145
1918
1145
1901
1171
1847
1207
1843
1220
1844
1229
1834
1218
1850
1196
1861
1188
1863
1222
1812
1269
1764
1298
1756
1304
1733
1321
1715
1358
1708
1338
1734
1319
1727
1355
1665
1407
1635
1435
1629
1422
1624
1428
1631
1430
1640
1408
1643
1421
1618
1470
1565
1520
1509
1574
1451
1612
1446
1596
1467
1583
1481
1552
1542
1486
1581
1481
1537
1567
1462
1630
1420
1616
1435
1612
1449
1610
1452
1582
1478
1577
1493
1556
1512
1529
1528
1512
1554
1491
1584
1476
1592
1466
1585
1478
1553
1528
1478
1603
1438
1626
1437
1632
1423
1619
1460
1559
1520
1527
1538
1520
1553
1475
1590
1468
1586
1487
1561
1496
1552
1509
1536
1537
1514
1546
1511
1535
1522
1530
1536
1506
1571
1465
1610
1440
1596
1495
1522
1576
1475
1594
1461
1581
1472
1571
1481
1604
1433
1633
1411
1637
1404
1682
1344
1724
1338
1705
1374
1657
1417
1626
1439
1629
1407
1670
1387
1671
1399
1641
1422
1640
1404
1664
1361
1710
1326
1740
1317
1741
1315
1757
1296
1749
1323
1705
1357
1694
1349