3967.2
4824.3
5554.2
5988.8
6055.4
5802.9
5364.5
4907.1
4575.6
4434.1
4490.3
4696
4999.8
5360.3
5744.2
6130.8
6481.9
6768
6963.8
7063.7
7077.7
7036.5
6965.2
6888.3
6826.7
6808
6862.1
7020.6
7303
7720.5
8248.8
8831.7
9370.8
9752.1
9880.6
9705.3
9262.5
8668.2
8094.9
7721.4
7691.1
8055
8772.3
9716
10708.4
11545.4
12069.6
12188.1
11909.6
11341.7
10643.9
9982.2
9489.2
9247.4
9279.1
9559.6
10033.7
10644.7
11350.7
12104
12858
13534.5
14027.7
14232.6
14082.9
13589.5
12853
12054.1
11405.4
11083.6
11193.4
11724.8
12573.4
13568.7
14530.9
15309.6
15808.8
16000.4
15928.6
15667.2
15313
14926.7
14551.1
14192.9
13866
13608.2
13512.1
13675.4
14151.2
14921.5
15878.5
16850.3
17639.1
18063.6
18016.5
17495.4
16624.2
15607.8
14710
14157.1
14095.9
14557.7
15469.4
16653.2
17894
18964.3
19702.4
20008.4
19884.1
19408.3
18732.2
18028.3
17437.5
17065.3
16961.4
17135.3
17559.5
18181.9
18941.3
19757.8
20544.2
21209.8
21664.5
21830.7
21668.5
21205.4
20537.6
19813.1
19216.4
18904.5
18979.4
19449
20227
21169.3
22102.7
22863.7
23341.2
23496.8
23378.7
23089.8
22760.2
22515.5
22435.5
22534.5
22770.1
23069.8
23348.8
23551.1
23682.2
23798
23989.4
24317.2
24779.5
25292.6
25731.6
25970.5
25937.1
25634.7
25164.7
24675.2
24329.4
24244.7
24463.7
24928.6
25503.5
26041.2
26422
26589.1
26577.9
26472.3
26388.6
26400
26520.8
26694.9
26835.4
26868
26772.4
26623.9
26540.7
26642.5
27004.7
27603.1
28318.2
28978.5
29414.8
29525.8
29298.3
28823.6
28249.9
27748.5
27448.5
27411.7
27620.2
28001.7
28454.7
28887.7
29253.2
29549.6
29806.6
30044.3
30271.7
30458.3
30552.7
30505.7
30322.6
30066.7
29845.4
29780.7
29967.6
30421.3
31076
31804.6
32461.5
32899.5
33009
32760.4
32242.3
31610.8
31054.6
30715.3
30703.4
31036.1
31653.2
32426.2
33174.8
33738.6
34020.6
34010.6
33793
33489.7
33221.4
33072.9
33067.3
33189.8
33399.8
33654.1
33922.9
34193.4
34466.6
34749.7
35035.1
35307.4
35530.4
35664.1
35683.6
35589.4
35405.8
35193
35029.5
35000.3